FANN_FLO_2.1
num_layers=3
learning_rate=0.700000
connection_rate=1.000000
network_type=0
learning_momentum=0.000000
training_algorithm=2
train_error_function=1
train_stop_function=0
cascade_output_change_fraction=0.010000
quickprop_decay=-0.000100
quickprop_mu=1.750000
rprop_increase_factor=1.200000
rprop_decrease_factor=0.500000
rprop_delta_min=0.000000
rprop_delta_max=50.000000
rprop_delta_zero=0.100000
cascade_output_stagnation_epochs=12
cascade_candidate_change_fraction=0.010000
cascade_candidate_stagnation_epochs=12
cascade_max_out_epochs=150
cascade_min_out_epochs=50
cascade_max_cand_epochs=150
cascade_min_cand_epochs=50
cascade_num_candidate_groups=2
bit_fail_limit=3.49999994039535520000e-001
cascade_candidate_limit=1.00000000000000000000e+003
cascade_weight_multiplier=4.00000005960464480000e-001
cascade_activation_functions_count=10
cascade_activation_functions=3 5 7 8 10 11 14 15 16 17 
cascade_activation_steepnesses_count=4
cascade_activation_steepnesses=2.50000000000000000000e-001 5.00000000000000000000e-001 7.50000000000000000000e-001 1.00000000000000000000e+000 
layer_sizes=2 6 2 
scale_included=0
neurons (num_inputs, activation_function, activation_steepness)=(0, 0, 0.00000000000000000000e+000) (0, 0, 0.00000000000000000000e+000) (2, 6, 1.00000000000000000000e+000) (2, 6, 1.00000000000000000000e+000) (2, 6, 1.00000000000000000000e+000) (2, 6, 1.00000000000000000000e+000) (2, 6, 1.00000000000000000000e+000) (0, 6, 1.00000000000000000000e+000) (6, 6, 1.00000000000000000000e+000) (0, 6, 1.00000000000000000000e+000) 
connections (connected_to_neuron, weight)=(0, -2.30326458811759950000e-001) (1, 2.26955556869506840000e+000) (0, -2.67022418975830080000e+000) (1, 2.75448751449584960000e+000) (0, 1.69695723056793210000e+000) (1, -6.59670305252075200000e+000) (0, 1.57107412815093990000e+000) (1, -3.61513853073120120000e+000) (0, 4.08481776714324950000e-001) (1, -1.11669349670410160000e+000) (2, -6.39051294326782230000e+000) (3, -7.13672518730163570000e-001) (4, -2.38201999664306640000e+000) (5, -2.83089423179626460000e+000) (6, 4.18924140930175780000e+000) (7, 4.77092933654785160000e+000) 
